59
58
59
59
59
59
56
55
53
51
51
49
49
48
47
47
46
47
47
47
46
44
44
43
43
44
44
43
43
39
39
39
39
38
37
37
36
36
36
35
35
36
36
35
35
34
34
34
34
33
33
32
32
32
32
32
32
32
32
32
30
30
30
30
30
30
30
29
28
28
27
27
26
25
25
25
25
26
25
25
26
25
26
25
26
25
26
25
26
25
26
25
26
25
26
25
26
25
25
24
24
24
23
24
24
24
24
23
23
23
23
23
23
23
23
23
23
23
23
22
22
22
21
21
21
21
21
21
20
20
20
18
18
17
17
17
16
16
16
14
14
14
14
14
14
14
14
14
14
14
14
12
12
12
12
12
12
12
12
12
12
12
12
11
11
11
11
11
10
10
10
10
9
