31.70700585
68.2266878848982
59.6844166669868
67.5817271803121
80.3162947927455
69.1868775699754
69.1041281710507
49.8201335440485
62.9432658139691
56.1769098778724
40.751658898679
64.2250664227204
45.6330810477661
52.6537807458317
57.5223663069375
38.4866736327865
61.7513947145705
67.1924486065663
24.1571902222026
35.4390053094467
46.4191195654008
79.5591928432796
26.4459599620556
23.8935701228519
40.5780260751093
33.6635536409923
54.6335218189536
47.9255374916886
42.8696733435476
43.2804772004559
20.7404339062513
11.996723539916
41.3423282847793
47.4056856458714
23.6942209245229
26.1467216635613
21.9521749310574
20.4186275887634
28.5188252276803
25.669968221101
10.6978258723454
17.5435252679988
35.1043505108908
18.7704616618827
53.4825636882228
12.4321002509112
13.1811735214465
33.1604653129414
17.4563304828807
25.8199939743827
39.6048069376555
17.0798691359116
21.4415143339083
19.5789059387975
17.0580020579323
9.88220743546444
32.8520829043264
15.8271307747131
28.5921991482455
11.8710884957212
13.9036050251638
11.3375149308781
24.7354328689649
0.277109537379012
30.044289662745
2.39375270670147
18.5071555680848
26.4802431158449
3.21889040129031
9.28809084647843
11.8305658063945
2.04968556606821
15.1467862566424
4.77737195659868
17.581330440784
31.2615280867499
19.117557105784
8.34029875808806
8.53276062246135
4.91934060492657
7.63429535841374
10.3636067141519
11.5725824990883
1.48216813780759
24.4751521805413
8.29923962880899
2.70240689601371
3.60924000149194
15.6597767642558
11.2179149123768
23.561047606512
14.1857314493625
22.785928786101
27.4933629450134
4.50997840407423
12.9717077915613
4.30967894214017
16.2227388859016
0.570268082892994
18.5891413757263
13.5333493517843
5.334950043004
22.6116757915062
6.48250950362599
5.08135435087439
2.30753222592162
7.70381284751885
4.85912413077954
8.76381363044595
1.63658352396209
7.83984828460952
7.28211445417401
0.726970169607284
5.3316118763663
2.88715685569947
7.14858660164045
21.0924882745666
13.432860816575
15.0402625457876
2.77789964893975
8.42278058514397
27.7333423228278
9.56512234172508
6.92923429841498
2.81011946074749
8.42154683924879
15.4411230637598
5.85177826851199
13.206360171405
11.8955221715598
10.8501338546542
8.9353105551908
16.6865236864022
14.225050126254
7.99985886702112
1.92788442400509
10.3517746789069
3.80379350629066
10.4276109003237
7.21212412951218
10.8187258090785
2.96027997561415
11.8497396577164
1.09371826576076
25.5111737593805
1.50165033728265
3.76550044373217
10.9245448239404
3.80176270763455
0.0359824464600962
25.048010180913
0.334122062849531
6.46646410660634
4.44433899404235
1.15047334340113
9.23503735912902
18.9242547215059
4.84489055193029
12.9509454559254
0.879495407850669
1.34437955724209
3.7066930519934
9.43000331737994
14.5253073027606
20.7212266777777
13.2302041659204
3.37392623274665
11.5024718230819
18.4375216094506
0.604258374453892
4.2395838608182
14.8127988535038
4.36274881816439
4.96418532761597
1.98288644429734
21.8824391369377
7.23695641417949
0.961319626045011
2.46346535666656
12.3572580598576
3.06348173744067
0.0181799903426452
5.52738115957622
8.78971307286582
14.7732558570423
0.509844077413916
5.34422989063451
4.10373134498899
9.04920745040685
5.64600056493548
18.801096920225
6.51338659191572
13.2437545690594
21.3806711078769
4.32875633201454
6.8005610887321
1.61192869361075
10.3509525899402
6.07887437428761
15.7797958083152
